m4_init()
m4_define([b4_actions], 
[])

m4_define([b4_mergers], 
[[]])

m4_define([b4_tokens], 
[[[[VOID]], 258],
[[[MAIN]], 259],
[[[NOMBRECAMPO]], 260],
[[[ENTERO]], 261],
[[[DECIMAL]], 262],
[[[BOLEANO]], 263],
[[[CADENA]], 264],
[[[T_ENTERO]], 265],
[[[T_DECIMAL]], 266],
[[[T_BOLEANO]], 267],
[[[T_CADENA]], 268],
[[[ASIGNADOR]], 269],
[[[SUMA]], 270],
[[[RESTA]], 271],
[[[MULTIPLICACION]], 272],
[[[DIVISION]], 273],
[[[AUMENTAR]], 274],
[[[DISMINUIR]], 275],
[[[SI]], 276],
[[[MAYOR]], 277],
[[[MENOR]], 278],
[[[IGUAL]], 279],
[[[MAYORIGUAL]], 280],
[[[MENORIGUAL]], 281],
[[[NOIGUAL]], 282],
[[[NO]], 283],
[[[SINO]], 284],
[[[PARA]], 285],
[[[MIENTRAS]], 286]])

m4_define([b4_symbol_destructors], 
[])

m4_define([b4_symbol_printers], 
[])

m4_define([b4_translate],
[[     0,     2,     2,     2,     2,     2,     2,     2,     2,     2,
       2,     2,     2,     2,     2,     2,     2,     2,     2,     2,
       2,     2,     2,     2,     2,     2,     2,     2,     2,     2,
       2,     2,     2,     2,     2,     2,     2,     2,     2,     2,
      32,    33,     2,     2,    37,     2,     2,     2,     2,     2,
       2,     2,     2,     2,     2,     2,     2,     2,     2,    36,
       2,     2,     2,     2,     2,     2,     2,     2,     2,     2,
       2,     2,     2,     2,     2,     2,     2,     2,     2,     2,
       2,     2,     2,     2,     2,     2,     2,     2,     2,     2,
       2,     2,     2,     2,     2,     2,     2,     2,     2,     2,
       2,     2,     2,     2,     2,     2,     2,     2,     2,     2,
       2,     2,     2,     2,     2,     2,     2,     2,     2,     2,
       2,     2,     2,    34,     2,    35,     2,     2,     2,     2,
       2,     2,     2,     2,     2,     2,     2,     2,     2,     2,
       2,     2,     2,     2,     2,     2,     2,     2,     2,     2,
       2,     2,     2,     2,     2,     2,     2,     2,     2,     2,
       2,     2,     2,     2,     2,     2,     2,     2,     2,     2,
       2,     2,     2,     2,     2,     2,     2,     2,     2,     2,
       2,     2,     2,     2,     2,     2,     2,     2,     2,     2,
       2,     2,     2,     2,     2,     2,     2,     2,     2,     2,
       2,     2,     2,     2,     2,     2,     2,     2,     2,     2,
       2,     2,     2,     2,     2,     2,     2,     2,     2,     2,
       2,     2,     2,     2,     2,     2,     2,     2,     2,     2,
       2,     2,     2,     2,     2,     2,     2,     2,     2,     2,
       2,     2,     2,     2,     2,     2,     2,     2,     2,     2,
       2,     2,     2,     2,     2,     2,     1,     2,     3,     4,
       5,     6,     7,     8,     9,    10,    11,    12,    13,    14,
      15,    16,    17,    18,    19,    20,    21,    22,    23,    24,
      25,    26,    27,    28,    29,    30,    31]])


m4_define([b4_use_push_for_pull_flag],
[[0]])


m4_define([b4_pact_ninf],
[[-67]])


m4_define([b4_conflict_list_heads],
[[     0,     0,     0,     0,     0,     0,     0,     0,     0,     0,
       0,     0,     0,     0,     0,     0,     0,     0,     0,     0,
       0,     0,     0,     0,     0,     0,     0,     0,     0,     0,
       0,     0,     0,     0,     0,     0,     0,     0,     0,     0,
       0,     0,     0,     0,     0,     0,     0,     0,     0,     0,
       0,     0,     0,     0,     0,     0,     0,     0,     0,     0,
       0,     0,     0,     0,     0,     0,     0,     0,     0,     0,
       0,     0,     0,     0,     0,     0,     0,     0,     0,     0,
       0,     0,     0,     0,     0,     0,     0,     0,     0,     0,
       0,     0,     0,     0,     0,     0,     0,     0,     0,     0,
       0,     0,     0,     0,     0,     0,     0,     0,     0,     0,
       0,     0,     0,     0,     0,     0,     0,     0,     0,     0,
       0,     0,     0,     0,     0,     0,     0,     0,     0,     0,
       0,     0,     0,     0,     0,     0,     0,     0,     0,     0,
       0,     0,     0,     0,     0,     0,     0,     0,     0,     0,
       0,     0,     0,     0,     0,     0,     0,     0,     0,     0,
       0,     0,     0,     0,     0,     0,     0,     0,     0,     0,
       0,     0,     0,     0,     0,     0]])


m4_define([b4_toknum_max],
[[286]])


m4_define([b4_rhs],
[[    39,     0,    -1,    40,    72,    -1,    40,    -1,     3,     4,
      32,     3,    33,    34,    41,    35,    -1,    42,    -1,    -1,
      42,    43,    -1,    43,    -1,    44,    36,    -1,    49,    36,
      -1,    60,    36,    -1,    62,    -1,     5,    32,    45,    33,
      -1,    46,    -1,    -1,    46,    37,    47,    -1,    47,    -1,
      48,    -1,     5,    -1,     6,    -1,     7,    -1,     8,    -1,
       9,    -1,    50,     5,    -1,    50,     5,    51,    -1,    10,
      -1,    11,    -1,    12,    -1,    13,    -1,    14,    52,    -1,
      14,    48,    -1,    14,     5,    -1,    53,    -1,    44,    -1,
      58,    -1,    54,    -1,    54,    56,    -1,    48,    55,    48,
      -1,    48,    55,     5,    -1,     5,    55,    48,    -1,     5,
      55,     5,    -1,    15,    -1,    16,    -1,    17,    -1,    18,
      -1,    56,    57,    -1,    57,    -1,    55,    48,    -1,    55,
       5,    -1,     5,    59,    -1,    19,    -1,    20,    -1,     5,
      14,    -1,    61,    -1,    48,    -1,    52,    -1,     5,    -1,
      63,    -1,    69,    -1,    71,    -1,    64,    -1,    64,    67,
      -1,    64,    68,    67,    -1,    21,    32,    65,    33,    34,
      41,    35,    -1,    48,    66,    48,    -1,    48,    66,     5,
      -1,     5,    66,    48,    -1,     5,    66,     5,    -1,    22,
      -1,    23,    -1,    24,    -1,    25,    -1,    26,    -1,    27,
      -1,    28,    34,    41,    35,    -1,    29,    32,    65,    33,
      34,    41,    35,    -1,    30,    32,    70,    36,    65,    36,
      58,    33,    34,    41,    35,    -1,    50,     5,    51,    -1,
      31,    32,    65,    33,    34,    41,    35,    -1,    72,    73,
      -1,    73,    -1,    74,     5,    32,    75,    33,    34,    41,
      35,    -1,    50,    -1,     3,    -1,    76,    -1,    -1,    76,
      37,    77,    -1,    77,    -1,    50,     5,    -1]])


m4_define([b4_last],
[[175]])


m4_define([b4_stos_min],
[[0]])


m4_define([b4_tag_seen_flag],
[[0]])


m4_define([b4_parser_file_name],
[[lexico.c]])


m4_define([b4_table_min],
[[1]])


m4_define([b4_table],
[[    84,    73,    11,    97,    80,    81,    76,    89,    91,     4,
      93,    11,    93,    62,    63,     1,    99,     5,    21,   103,
      57,    58,    59,    60,    61,    62,    63,    21,    58,    59,
      60,    61,    62,    63,    15,    17,    18,    76,    64,    19,
     128,    20,    26,   125,    25,    64,    28,    27,    67,    93,
     127,    68,    55,    89,    69,   136,     7,     8,     9,    10,
     131,   133,    70,    75,    93,    72,   100,    95,    29,    30,
      31,    32,    33,     7,     8,     9,    10,    74,    79,   140,
     106,   105,   142,    80,    34,    73,   108,   109,   148,   119,
       6,   120,   138,    35,    36,   121,   152,     7,     8,     9,
      10,   111,   112,   113,   114,   115,   116,    85,    30,    31,
      32,    33,    90,    30,    31,    32,    33,    92,    30,    31,
      32,    33,    98,    30,    31,    32,    33,   102,    30,    31,
      32,    33,   123,    30,    31,    32,    33,   130,    30,    31,
      32,    33,   132,    30,    31,    32,    33,   110,    58,    59,
      60,    61,   122,   144,   134,   137,   139,   145,   135,   143,
     141,   147,   149,   150,   151,   124,   153,   126,   104,   146,
     129,   118,    71,   107,    16,    56]])


m4_define([b4_conflicting_rules_max],
[[0]])


m4_define([b4_merger],
[[     0,     0,     0,     0,     0,     0,     0,     0,     0,     0,
       0,     0,     0,     0,     0,     0,     0,     0,     0,     0,
       0,     0,     0,     0,     0,     0,     0,     0,     0,     0,
       0,     0,     0,     0,     0,     0,     0,     0,     0,     0,
       0,     0,     0,     0,     0,     0,     0,     0,     0,     0,
       0,     0,     0,     0,     0,     0,     0,     0,     0,     0,
       0,     0,     0,     0,     0,     0,     0,     0,     0,     0,
       0,     0,     0,     0,     0,     0,     0,     0,     0,     0,
       0,     0,     0,     0,     0,     0,     0,     0,     0,     0]])


m4_define([b4_glr_flag],
[[0]])


m4_define([b4_percent_define_syncline(lr.keep-unreachable-states)],
[[]])


m4_define([b4_check_max],
[[151]])


m4_define([b4_spec_graph_file],
[[]])


m4_define([b4_rline_min],
[[0]])


m4_define([b4_toknum],
[[     0,   256,   257,   258,   259,   260,   261,   262,   263,   264,
     265,   266,   267,   268,   269,   270,   271,   272,   273,   274,
     275,   276,   277,   278,   279,   280,   281,   282,   283,   284,
     285,   286,    40,    41,   123,   125,    59,    44]])


m4_define([b4_defgoto_max],
[[117]])


m4_define([b4_version],
[[2.5]])


m4_define([b4_translate_min],
[[0]])


m4_define([b4_pkgdatadir],
[[data]])


m4_define([b4_pgoto_min],
[[-67]])


m4_define([b4_rhs_max],
[[77]])


m4_define([b4_pgoto],
[[   -67,   -67,   -67,   -55,   -67,   134,    65,   -67,   -67,    60,
     -57,   -67,    -1,    38,    67,   -67,   -67,   -40,   -67,    91,
      28,   -67,   -67,   -67,   -67,   -67,   -67,   -66,    78,    90,
     -67,   -67,   -67,   -67,   -67,   162,   -67,   -67,   -67,   147]])


m4_define([b4_pact_max],
[[152]])


m4_define([b4_debug_flag],
[[0]])


m4_define([b4_yacc_flag],
[[0]])


m4_define([b4_spec_verbose_file],
[[]])


m4_define([b4_conflict_list_heads_min],
[[0]])


m4_define([b4_tname],
[["$][end", "error", "$][undefined", "VOID", "MAIN", "NOMBRECAMPO", "ENTERO",
  "DECIMAL", "BOLEANO", "CADENA", "T_ENTERO", "T_DECIMAL", "T_BOLEANO",
  "T_CADENA", "ASIGNADOR", "SUMA", "RESTA", "MULTIPLICACION", "DIVISION",
  "AUMENTAR", "DISMINUIR", "SI", "MAYOR", "MENOR", "IGUAL", "MAYORIGUAL",
  "MENORIGUAL", "NOIGUAL", "NO", "SINO", "PARA", "MIENTRAS", "'('", "')'",
  "'{'", "'}'", "';'", "','", "$][accept", "programa", "principal",
  "lineascodigos", "lineacodigo", "linea", "invocarmetodo",
  "parametrosenvio", "parenvio", "penvio", "valor", "crearvariable",
  "tipodato", "asignarvalor", "operasignacion", "aritmetica", "oprcomun",
  "tipoopr", "oprcomplemento", "oprcom", "incredismivariable", "indis",
  "cambiarvalor", "cambvalor", "buclecondicion", "condicionif",
  "condicionsi", "condicion", "condicional", "condicionno",
  "condicionsino", "buclefor", "iniciarfor", "buclewhile", "funciones",
  "funcion", "tiporetorno", "parametrosin", "parametros", "parametro", ]b4_null[]])


m4_define([b4_defact],
[[     0,     0,     0,     3,     0,     1,    84,    26,    27,    28,
      29,    83,     2,    81,     0,     0,    80,     0,     0,    86,
       0,     0,     0,    85,    88,     6,    89,     0,     0,    57,
      20,    21,    22,    23,     0,     0,     0,     0,     5,     8,
       0,    55,     0,     0,    56,    33,    36,    35,     0,    54,
      12,    58,    61,    59,    60,     6,    87,    53,    42,    43,
      44,    45,    51,    52,    15,     0,    50,     0,     0,     0,
       4,     7,     9,     0,    10,    24,     0,    37,    47,    11,
       0,     0,    62,     0,     0,    19,     0,    14,    17,    18,
      41,    40,     0,     0,     0,     0,     0,     0,    39,    38,
       0,    25,    49,    48,    46,     6,     0,    63,    82,    13,
       0,    69,    70,    71,    72,    73,    74,     0,     0,     0,
       0,     0,     0,    32,    34,    31,    30,     0,     0,    16,
      68,    67,    66,    65,     6,    78,     0,     6,    75,     0,
       0,     0,     0,     6,    64,     0,     0,    79,     0,     0,
      76,     6,     0,    77]])


m4_define([b4_tokens_number],
[[38]])


m4_define([b4_stos_max],
[[77]])


m4_define([b4_merger_min],
[[0]])


m4_define([b4_table_max],
[[153]])


m4_define([b4_spec_name_prefix],
[[]])


m4_define([b4_table_ninf],
[[-1]])


m4_define([b4_prhs],
[[     0,     0,     3,     6,     8,    17,    19,    20,    23,    25,
      28,    31,    34,    36,    41,    43,    44,    48,    50,    52,
      54,    56,    58,    60,    62,    65,    69,    71,    73,    75,
      77,    80,    83,    86,    88,    90,    92,    94,    97,   101,
     105,   109,   113,   115,   117,   119,   121,   124,   126,   129,
     132,   135,   137,   139,   142,   144,   146,   148,   150,   152,
     154,   156,   158,   161,   165,   173,   177,   181,   185,   189,
     191,   193,   195,   197,   199,   201,   206,   214,   226,   230,
     238,   241,   243,   252,   254,   256,   258,   259,   263,   265]])


m4_define([b4_check],
[[    55,    41,     3,    69,    28,    29,    46,    64,    65,     4,
      67,    12,    69,    19,    20,     3,    73,     0,    19,    76,
      14,    15,    16,    17,    18,    19,    20,    28,    15,    16,
      17,    18,    19,    20,    32,     5,     3,    77,    32,    32,
     106,    33,     5,   100,    34,    32,    37,    33,    32,   106,
     105,    32,    34,   110,    32,   121,    10,    11,    12,    13,
     117,   118,    35,     5,   121,    36,    14,    68,     5,     6,
       7,     8,     9,    10,    11,    12,    13,    36,    36,   134,
      32,    34,   137,    28,    21,   125,    35,    33,   143,    33,
       3,     5,    35,    30,    31,    36,   151,    10,    11,    12,
      13,    22,    23,    24,    25,    26,    27,     5,     6,     7,
       8,     9,     5,     6,     7,     8,     9,     5,     6,     7,
       8,     9,     5,     6,     7,     8,     9,     5,     6,     7,
       8,     9,     5,     6,     7,     8,     9,     5,     6,     7,
       8,     9,     5,     6,     7,     8,     9,    37,    15,    16,
      17,    18,    33,    35,    34,    34,    33,     5,   120,    34,
      36,    35,    33,    35,    34,   100,    35,   100,    77,   141,
     110,    93,    38,    83,    12,    28]])


m4_define([b4_nterms_number],
[[40]])


m4_define([b4_rline_max],
[[92]])


m4_define([b4_dprec],
[[     0,     0,     0,     0,     0,     0,     0,     0,     0,     0,
       0,     0,     0,     0,     0,     0,     0,     0,     0,     0,
       0,     0,     0,     0,     0,     0,     0,     0,     0,     0,
       0,     0,     0,     0,     0,     0,     0,     0,     0,     0,
       0,     0,     0,     0,     0,     0,     0,     0,     0,     0,
       0,     0,     0,     0,     0,     0,     0,     0,     0,     0,
       0,     0,     0,     0,     0,     0,     0,     0,     0,     0,
       0,     0,     0,     0,     0,     0,     0,     0,     0,     0,
       0,     0,     0,     0,     0,     0,     0,     0,     0,     0]])


m4_define([b4_percent_define_loc(lr.default-reductions)],
[[[[<default value>:-1.-1]], [[<default value>:-1.-1]]]])


m4_define([b4_rline],
[[     0,    14,    14,    14,    16,    18,    18,    20,    20,    22,
      22,    22,    22,    24,    26,    26,    28,    28,    30,    30,
      32,    32,    32,    32,    34,    34,    36,    36,    36,    36,
      38,    38,    38,    40,    40,    40,    42,    42,    44,    44,
      44,    44,    46,    46,    46,    46,    48,    48,    50,    50,
      52,    54,    54,    56,    56,    58,    58,    58,    60,    60,
      60,    62,    62,    62,    64,    66,    66,    66,    66,    68,
      68,    68,    68,    68,    68,    70,    74,    76,    78,    80,
      82,    82,    84,    86,    86,    88,    88,    90,    90,    92]])


m4_define([b4_prhs_min],
[[0]])


m4_define([b4_percent_define_bison_variables(lr.keep-unreachable-states)],
[[]])


m4_define([b4_spec_outfile],
[[lexico.c]])


m4_define([b4_translate_max],
[[37]])


m4_define([b4_user_token_number_max],
[[286]])


m4_define([b4_r1_min],
[[0]])


m4_define([b4_max_left_semantic_context],
[[0]])


m4_define([b4_pgoto_max],
[[162]])


m4_define([b4_rules_number],
[[89]])


m4_define([b4_file_name_all_but_ext],
[[lexico]])


m4_define([b4_error_verbose_flag],
[[0]])


m4_define([b4_percent_define(lr.type)],
[[lalr]])


m4_define([b4_token_table],
[[0]])


m4_define([b4_r2_min],
[[0]])


m4_define([b4_pact],
[[    12,     5,    17,    87,     2,   -67,   -67,   -67,   -67,   -67,
     -67,   -67,    87,   -67,    30,    33,   -67,     7,     8,    46,
      10,    37,    14,     9,   -67,    63,   -67,    18,    46,     6,
     -67,   -67,   -67,   -67,    16,    19,    22,    27,    63,   -67,
      29,   133,    41,    58,   -67,   -67,   133,   -67,    42,   -67,
     -67,   -67,   -24,   -67,   -67,    63,   -67,   -67,   -67,   -67,
     -67,   -67,   -67,   -67,   102,   107,   -67,   112,    46,   112,
     -67,   -67,   -67,   117,   -67,    52,   122,   133,   -67,   -67,
      47,    48,   -67,    55,    51,   -67,    54,   110,   -67,   -67,
     -67,   -67,    79,    79,    56,    86,    59,   119,   -67,   -67,
     127,   -67,   -67,   -67,   -67,    63,   112,   -67,   -67,   -67,
     102,   -67,   -67,   -67,   -67,   -67,   -67,   132,   137,   120,
      52,   112,   121,    13,   -67,   133,   -67,    57,   123,   -67,
     -67,   -67,   -67,   -67,    63,   -67,   124,    63,   -67,   125,
     118,   152,   126,    63,   -67,    -6,   129,   -67,   128,   130,
     -67,    63,   131,   -67]])


m4_define([b4_dprec_min],
[[0]])


m4_define([b4_defact_min],
[[0]])


m4_define([b4_percent_define(lr.keep-unreachable-states)],
[[false]])


m4_define([b4_synclines_flag],
[[1]])


m4_define([b4_nondeterministic_flag],
[[0]])


m4_define([b4_defines_flag],
[[1]])


m4_define([b4_conflict_list_heads_max],
[[0]])


m4_define([b4_dir_prefix],
[[]])


m4_define([b4_merger_max],
[[0]])


m4_define([b4_undef_token_number],
[[2]])


m4_define([b4_percent_define_bison_variables(lr.type)],
[[]])


m4_define([b4_percent_define_loc(lr.keep-unreachable-states)],
[[[[<default value>:-1.-1]], [[<default value>:-1.-1]]]])


m4_define([b4_prhs_max],
[[265]])


m4_define([b4_spec_file_prefix],
[[]])


m4_define([b4_r1_max],
[[77]])


m4_define([b4_percent_define_bison_variables(lr.default-reductions)],
[[]])


m4_define([b4_percent_define_loc(lr.type)],
[[[[<default value>:-1.-1]], [[<default value>:-1.-1]]]])


m4_define([b4_toknum_min],
[[0]])


m4_define([b4_percent_define(lr.default-reductions)],
[[most]])


m4_define([b4_spec_defines_file],
[[lexico.h]])


m4_define([b4_conflicting_rules_min],
[[0]])


m4_define([b4_r1],
[[     0,    38,    39,    39,    40,    41,    41,    42,    42,    43,
      43,    43,    43,    44,    45,    45,    46,    46,    47,    47,
      48,    48,    48,    48,    49,    49,    50,    50,    50,    50,
      51,    51,    51,    52,    52,    52,    53,    53,    54,    54,
      54,    54,    55,    55,    55,    55,    56,    56,    57,    57,
      58,    59,    59,    60,    60,    61,    61,    61,    62,    62,
      62,    63,    63,    63,    64,    65,    65,    65,    65,    66,
      66,    66,    66,    66,    66,    67,    68,    69,    70,    71,
      72,    72,    73,    74,    74,    75,    75,    76,    76,    77]])


m4_define([b4_pre_prologue],
[[]b4_syncline(1, [["Sintactico.y"]])[

int yystopparser=0;
]])


m4_define([b4_r2],
[[     0,     2,     2,     1,     8,     1,     0,     2,     1,     2,
       2,     2,     1,     4,     1,     0,     3,     1,     1,     1,
       1,     1,     1,     1,     2,     3,     1,     1,     1,     1,
       2,     2,     2,     1,     1,     1,     1,     2,     3,     3,
       3,     3,     1,     1,     1,     1,     2,     1,     2,     2,
       2,     1,     1,     2,     1,     1,     1,     1,     1,     1,
       1,     1,     2,     3,     7,     3,     3,     3,     3,     1,
       1,     1,     1,     1,     1,     4,     7,    11,     3,     7,
       2,     1,     8,     1,     1,     1,     0,     3,     1,     2]])


m4_define([b4_check_min],
[[0]])


m4_define([b4_states_number],
[[154]])


m4_define([b4_r2_max],
[[11]])


m4_define([b4_dprec_max],
[[0]])


m4_define([b4_defgoto],
[[    -1,     2,     3,    37,    38,    39,    40,    86,    87,    88,
      41,    42,    43,   101,    44,    45,    46,    65,    77,    78,
      47,    66,    48,    49,    50,    51,    52,    94,   117,    82,
      83,    53,    96,    54,    12,    13,    14,    22,    23,    24]])


m4_define([b4_defact_max],
[[89]])


m4_define([b4_stos],
[[     0,     3,    39,    40,     4,     0,     3,    10,    11,    12,
      13,    50,    72,    73,    74,    32,    73,     5,     3,    32,
      33,    50,    75,    76,    77,    34,     5,    33,    37,     5,
       6,     7,     8,     9,    21,    30,    31,    41,    42,    43,
      44,    48,    49,    50,    52,    53,    54,    58,    60,    61,
      62,    63,    64,    69,    71,    34,    77,    14,    15,    16,
      17,    18,    19,    20,    32,    55,    59,    32,    32,    32,
      35,    43,    36,    55,    36,     5,    55,    56,    57,    36,
      28,    29,    67,    68,    41,     5,    45,    46,    47,    48,
       5,    48,     5,    48,    65,    50,    70,    65,     5,    48,
      14,    51,     5,    48,    57,    34,    32,    67,    35,    33,
      37,    22,    23,    24,    25,    26,    27,    66,    66,    33,
       5,    36,    33,     5,    44,    48,    52,    41,    65,    47,
       5,    48,     5,    48,    34,    51,    65,    34,    35,    33,
      41,    36,    41,    34,    35,     5,    58,    35,    41,    33,
      35,    34,    41,    35]])


m4_define([b4_final_state_number],
[[5]])


m4_define([b4_defgoto_min],
[[-1]])


m4_define([b4_file_name],
[["Sintactico.y"]])


m4_define([b4_percent_define_syncline(lr.default-reductions)],
[[]])


m4_define([b4_percent_define_syncline(lr.type)],
[[]])


m4_define([b4_locations_flag],
[[0]])


m4_define([b4_rhs_min],
[[-1]])


m4_define([b4_pact_min],
[[-67]])


m4_define([b4_conflicting_rules],
[[     0]])


